# clock	walking	resting	collected_food	energy
1	0	20	0	0
2	0	20	0	0
3	4	16	0	-4
4	6	14	0	-10
5	6	14	0	-16
6	6	14	0	-22
7	7	13	0	-29
8	10	10	0	-39
9	11	9	0	-50
10	15	5	0	-65
11	18	2	0	-83
12	18	2	0	-101
13	18	2	0	-119
14	18	2	0	-137
15	18	2	0	-155
16	18	2	0	-173
17	18	2	0	-191
18	18	2	0	-209
19	18	2	0	-227
20	18	2	0	-245
21	19	1	0	-264
22	19	1	0	-283
23	19	1	0	-302
24	19	1	0	-321
25	19	1	0	-340
26	19	1	0	-359
27	19	1	0	-378
28	19	1	0	-397
29	19	1	0	-416
30	19	1	0	-435
31	19	1	0	-454
32	19	1	0	-473
33	20	0	0	-493
34	20	0	0	-513
35	20	0	0	-533
36	20	0	0	-553
37	20	0	0	-573
38	20	0	0	-593
39	20	0	0	-613
40	20	0	0	-633
41	20	0	0	-653
42	20	0	0	-673
43	20	0	0	-693
44	20	0	0	-713
45	20	0	0	-733
46	20	0	0	-753
47	20	0	0	-773
48	20	0	0	-793
49	20	0	0	-813
50	20	0	0	-833
51	20	0	0	-853
52	20	0	0	-873
53	20	0	0	-893
54	20	0	0	-913
55	20	0	0	-933
56	20	0	0	-953
57	20	0	0	-973
58	20	0	0	-993
59	20	0	0	-1013
60	20	0	0	-1033
61	20	0	0	-1053
62	20	0	0	-1073
63	20	0	0	-1093
64	20	0	0	-1113
65	20	0	0	-1133
66	20	0	0	-1153
67	20	0	0	-1173
68	20	0	0	-1193
69	20	0	0	-1213
70	20	0	0	-1233
71	20	0	0	-1253
72	20	0	0	-1273
73	20	0	0	-1293
74	20	0	0	-1313
75	20	0	0	-1333
76	20	0	0	-1353
77	20	0	0	-1373
78	20	0	1	-393
79	20	0	1	-413
80	20	0	1	-433
81	20	0	1	-453
82	20	0	1	-473
83	20	0	1	-493
84	20	0	1	-513
85	20	0	1	-533
86	20	0	1	-553
87	20	0	1	-573
88	20	0	1	-593
89	20	0	1	-613
90	20	0	1	-633
91	20	0	1	-653
92	20	0	1	-673
93	20	0	1	-693
94	20	0	1	-713
95	20	0	1	-733
96	20	0	1	-753
97	20	0	1	-773
98	20	0	1	-793
99	20	0	1	-813
100	20	0	1	-833
101	20	0	1	-853
102	20	0	1	-873
103	20	0	1	-893
104	20	0	1	-913
105	20	0	1	-933
106	20	0	1	-953
107	20	0	1	-973
108	20	0	1	-993
109	20	0	1	-1013
110	20	0	1	-1033
111	20	0	1	-1053
112	20	0	1	-1073
113	20	0	1	-1093
114	20	0	1	-1113
115	20	0	1	-1133
116	20	0	1	-1153
117	20	0	1	-1173
118	20	0	1	-1193
119	20	0	1	-1213
120	20	0	1	-1233
121	20	0	1	-1253
122	20	0	1	-1273
123	20	0	1	-1293
124	20	0	1	-1313
125	20	0	1	-1333
126	20	0	1	-1353
127	20	0	1	-1373
128	20	0	1	-1393
129	20	0	1	-1413
130	20	0	1	-1433
131	20	0	1	-1453
132	20	0	1	-1473
133	20	0	1	-1493
134	20	0	1	-1513
135	20	0	1	-1533
136	19	1	1	-1552
137	19	1	1	-1571
138	19	1	1	-1590
139	19	1	1	-1609
140	19	1	1	-1628
141	19	1	1	-1647
142	19	1	1	-1666
143	19	1	1	-1685
144	19	1	1	-1704
145	19	1	1	-1723
146	19	1	1	-1742
147	19	1	1	-1761
148	19	1	1	-1780
149	19	1	1	-1799
150	19	1	1	-1818
151	19	1	1	-1837
152	19	1	1	-1856
153	19	1	1	-1875
154	19	1	1	-1894
155	19	1	1	-1913
156	19	1	1	-1932
157	19	1	1	-1951
158	19	1	1	-1970
159	19	1	1	-1989
160	19	1	1	-2008
161	19	1	1	-2027
162	19	1	1	-2046
163	19	1	1	-2065
164	19	1	1	-2084
165	19	1	1	-2103
166	19	1	1	-2122
167	19	1	1	-2141
168	19	1	1	-2160
169	19	1	1	-2179
170	19	1	1	-2198
171	19	1	1	-2217
172	19	1	1	-2236
173	19	1	1	-2255
174	19	1	1	-2274
175	19	1	1	-2293
176	19	1	1	-2312
177	19	1	1	-2331
178	19	1	1	-2350
179	19	1	1	-2369
180	19	1	1	-2388
181	19	1	1	-2407
182	19	1	1	-2426
183	19	1	1	-2445
184	19	1	1	-2464
185	19	1	1	-2483
186	19	1	1	-2502
187	19	1	1	-2521
188	19	1	1	-2540
189	19	1	1	-2559
190	19	1	1	-2578
191	19	1	1	-2597
192	19	1	1	-2616
193	19	1	1	-2635
194	19	1	1	-2654
195	19	1	1	-2673
196	19	1	1	-2692
197	19	1	1	-2711
198	19	1	1	-2730
199	19	1	1	-2749
200	19	1	1	-2768
201	19	1	1	-2787
202	19	1	1	-2806
203	19	1	1	-2825
204	19	1	1	-2844
205	19	1	1	-2863
206	19	1	1	-2882
207	19	1	1	-2901
208	19	1	1	-2920
209	19	1	1	-2939
210	19	1	1	-2958
211	19	1	1	-2977
212	19	1	1	-2996
213	19	1	1	-3015
214	19	1	1	-3034
215	19	1	1	-3053
216	19	1	1	-3072
217	19	1	1	-3091
218	19	1	1	-3110
219	20	0	1	-3130
220	20	0	1	-3150
221	20	0	1	-3170
222	20	0	1	-3190
223	20	0	1	-3210
224	20	0	1	-3230
225	20	0	1	-3250
226	20	0	1	-3270
227	20	0	1	-3290
228	20	0	1	-3310
229	20	0	1	-3330
230	20	0	1	-3350
231	20	0	1	-3370
232	20	0	1	-3390
233	20	0	1	-3410
234	20	0	1	-3430
235	20	0	1	-3450
236	20	0	1	-3470
237	20	0	1	-3490
238	20	0	1	-3510
239	20	0	1	-3530
240	20	0	1	-3550
241	20	0	1	-3570
242	20	0	1	-3590
243	20	0	1	-3610
244	20	0	1	-3630
245	20	0	1	-3650
246	20	0	1	-3670
247	20	0	1	-3690
248	20	0	1	-3710
249	20	0	1	-3730
250	20	0	1	-3750
251	20	0	1	-3770
252	20	0	1	-3790
253	20	0	1	-3810
254	20	0	1	-3830
255	20	0	1	-3850
256	20	0	1	-3870
257	20	0	1	-3890
258	20	0	1	-3910
259	20	0	1	-3930
260	20	0	1	-3950
261	20	0	1	-3970
262	20	0	1	-3990
263	20	0	1	-4010
264	20	0	1	-4030
265	20	0	1	-4050
266	20	0	1	-4070
267	20	0	1	-4090
268	20	0	1	-4110
269	20	0	1	-4130
270	20	0	1	-4150
271	20	0	1	-4170
272	20	0	1	-4190
273	20	0	1	-4210
274	20	0	1	-4230
275	20	0	1	-4250
276	20	0	1	-4270
277	20	0	1	-4290
278	20	0	1	-4310
279	20	0	1	-4330
280	20	0	1	-4350
281	20	0	1	-4370
282	20	0	1	-4390
283	20	0	1	-4410
284	20	0	1	-4430
285	20	0	1	-4450
286	20	0	1	-4470
287	20	0	1	-4490
288	20	0	1	-4510
289	20	0	1	-4530
290	20	0	1	-4550
291	20	0	1	-4570
292	20	0	1	-4590
293	20	0	1	-4610
294	20	0	1	-4630
295	20	0	1	-4650
296	20	0	1	-4670
297	20	0	1	-4690
298	20	0	1	-4710
299	20	0	1	-4730
300	20	0	1	-4750
301	20	0	1	-4770
302	20	0	1	-4790
303	20	0	1	-4810
304	20	0	1	-4830
305	20	0	1	-4850
306	20	0	1	-4870
307	20	0	1	-4890
308	20	0	1	-4910
309	20	0	1	-4930
310	20	0	1	-4950
311	20	0	1	-4970
312	20	0	1	-4990
313	20	0	1	-5010
314	20	0	1	-5030
315	20	0	1	-5050
316	20	0	1	-5070
317	20	0	1	-5090
318	20	0	1	-5110
319	20	0	1	-5130
320	20	0	1	-5150
321	20	0	1	-5170
322	20	0	1	-5190
323	20	0	1	-5210
324	20	0	2	-4230
325	20	0	2	-4250
326	20	0	2	-4270
327	20	0	2	-4290
328	20	0	2	-4310
329	20	0	2	-4330
330	20	0	2	-4350
331	20	0	2	-4370
332	20	0	2	-4390
333	20	0	2	-4410
334	20	0	2	-4430
335	20	0	2	-4450
336	20	0	2	-4470
337	20	0	2	-4490
338	20	0	2	-4510
339	20	0	2	-4530
340	20	0	2	-4550
341	20	0	2	-4570
342	20	0	3	-3590
343	20	0	3	-3610
344	20	0	3	-3630
345	20	0	3	-3650
346	20	0	3	-3670
347	20	0	3	-3690
348	20	0	3	-3710
349	20	0	3	-3730
350	20	0	3	-3750
351	20	0	3	-3770
352	20	0	3	-3790
353	20	0	3	-3810
354	20	0	3	-3830
355	20	0	3	-3850
356	20	0	3	-3870
357	20	0	3	-3890
358	20	0	3	-3910
359	20	0	3	-3930
360	20	0	3	-3950
361	20	0	3	-3970
362	20	0	3	-3990
363	20	0	3	-4010
364	20	0	3	-4030
365	20	0	3	-4050
366	20	0	3	-4070
367	20	0	3	-4090
368	20	0	3	-4110
369	20	0	3	-4130
370	20	0	3	-4150
371	20	0	3	-4170
372	20	0	3	-4190
373	20	0	3	-4210
374	20	0	3	-4230
375	20	0	3	-4250
376	20	0	3	-4270
377	20	0	3	-4290
378	20	0	3	-4310
379	20	0	3	-4330
380	20	0	3	-4350
381	20	0	3	-4370
382	19	1	3	-4389
383	19	1	3	-4408
384	19	1	3	-4427
385	19	1	3	-4446
386	19	1	3	-4465
387	19	1	3	-4484
388	19	1	3	-4503
389	19	1	3	-4522
390	19	1	3	-4541
391	19	1	3	-4560
392	19	1	3	-4579
393	19	1	3	-4598
394	19	1	3	-4617
395	19	1	3	-4636
396	19	1	3	-4655
397	19	1	3	-4674
398	19	1	3	-4693
399	19	1	3	-4712
400	18	2	3	-4730
401	18	2	3	-4748
402	18	2	3	-4766
403	18	2	3	-4784
404	18	2	3	-4802
405	18	2	3	-4820
406	18	2	3	-4838
407	18	2	3	-4856
408	18	2	3	-4874
409	18	2	3	-4892
410	18	2	3	-4910
411	18	2	3	-4928
412	18	2	3	-4946
413	18	2	3	-4964
414	18	2	3	-4982
415	18	2	3	-5000
416	18	2	3	-5018
417	18	2	3	-5036
418	18	2	3	-5054
419	18	2	3	-5072
420	18	2	3	-5090
421	18	2	3	-5108
422	18	2	3	-5126
423	18	2	3	-5144
424	18	2	3	-5162
425	18	2	3	-5180
426	18	2	3	-5198
427	18	2	3	-5216
428	18	2	3	-5234
429	18	2	3	-5252
430	18	2	3	-5270
431	18	2	3	-5288
432	18	2	3	-5306
433	18	2	3	-5324
434	18	2	3	-5342
435	18	2	3	-5360
436	18	2	3	-5378
437	18	2	3	-5396
438	18	2	4	-4414
439	18	2	4	-4432
440	18	2	4	-4450
441	18	2	4	-4468
442	18	2	4	-4486
443	18	2	4	-4504
444	18	2	4	-4522
445	18	2	4	-4540
446	18	2	4	-4558
447	18	2	4	-4576
448	18	2	4	-4594
449	18	2	4	-4612
450	18	2	4	-4630
451	18	2	4	-4648
452	18	2	4	-4666
453	18	2	4	-4684
454	18	2	4	-4702
455	18	2	4	-4720
456	19	1	4	-4739
457	19	1	4	-4758
458	19	1	4	-4777
459	19	1	4	-4796
460	19	1	4	-4815
461	19	1	4	-4834
462	19	1	4	-4853
463	19	1	4	-4872
464	19	1	4	-4891
465	19	1	4	-4910
466	19	1	4	-4929
467	19	1	4	-4948
468	19	1	4	-4967
469	19	1	4	-4986
470	19	1	4	-5005
471	19	1	4	-5024
472	19	1	4	-5043
473	19	1	4	-5062
474	19	1	4	-5081
475	19	1	4	-5100
476	19	1	4	-5119
477	19	1	4	-5138
478	19	1	4	-5157
479	19	1	4	-5176
480	19	1	4	-5195
481	19	1	5	-4214
482	19	1	5	-4233
483	19	1	5	-4252
484	19	1	5	-4271
485	19	1	5	-4290
486	19	1	5	-4309
487	19	1	5	-4328
488	19	1	5	-4347
489	19	1	5	-4366
490	19	1	5	-4385
491	19	1	5	-4404
492	19	1	5	-4423
493	19	1	5	-4442
494	19	1	5	-4461
495	19	1	5	-4480
496	19	1	5	-4499
497	18	2	5	-4517
498	18	2	5	-4535
499	18	2	5	-4553
500	19	1	5	-4572
501	19	1	5	-4591
502	19	1	5	-4610
503	19	1	5	-4629
504	19	1	5	-4648
505	19	1	5	-4667
506	19	1	5	-4686
507	19	1	5	-4705
508	19	1	5	-4724
509	19	1	5	-4743
510	19	1	5	-4762
511	19	1	5	-4781
512	19	1	5	-4800
513	19	1	5	-4819
514	19	1	5	-4838
515	19	1	5	-4857
516	19	1	5	-4876
517	19	1	5	-4895
518	19	1	5	-4914
519	19	1	5	-4933
520	19	1	5	-4952
521	19	1	5	-4971
522	19	1	5	-4990
523	19	1	5	-5009
524	19	1	5	-5028
525	19	1	5	-5047
526	19	1	5	-5066
527	19	1	5	-5085
528	19	1	5	-5104
529	19	1	5	-5123
530	19	1	5	-5142
531	19	1	5	-5161
532	19	1	5	-5180
533	19	1	5	-5199
534	19	1	5	-5218
535	19	1	5	-5237
536	19	1	5	-5256
537	19	1	5	-5275
538	19	1	5	-5294
539	19	1	5	-5313
540	18	2	5	-5331
541	18	2	5	-5349
542	18	2	5	-5367
543	18	2	5	-5385
544	18	2	5	-5403
545	18	2	5	-5421
546	18	2	5	-5439
547	18	2	5	-5457
548	18	2	5	-5475
549	18	2	5	-5493
550	18	2	6	-4511
551	18	2	6	-4529
552	18	2	6	-4547
553	18	2	6	-4565
554	18	2	6	-4583
555	18	2	6	-4601
556	18	2	6	-4619
557	18	2	6	-4637
558	18	2	6	-4655
559	18	2	6	-4673
560	18	2	6	-4691
561	18	2	6	-4709
562	18	2	6	-4727
563	18	2	6	-4745
564	18	2	6	-4763
565	18	2	6	-4781
566	18	2	7	-3799
567	18	2	7	-3817
568	18	2	7	-3835
569	18	2	7	-3853
570	18	2	7	-3871
571	18	2	7	-3889
572	18	2	7	-3907
573	18	2	7	-3925
574	18	2	7	-3943
575	18	2	7	-3961
576	18	2	7	-3979
577	18	2	7	-3997
578	18	2	7	-4015
579	18	2	7	-4033
580	18	2	7	-4051
581	18	2	7	-4069
582	18	2	7	-4087
583	18	2	7	-4105
584	18	2	7	-4123
585	18	2	7	-4141
586	18	2	7	-4159
587	18	2	7	-4177
588	18	2	7	-4195
589	18	2	7	-4213
590	18	2	7	-4231
591	18	2	7	-4249
592	18	2	7	-4267
593	18	2	7	-4285
594	18	2	7	-4303
595	18	2	7	-4321
596	18	2	7	-4339
597	18	2	7	-4357
598	18	2	7	-4375
599	18	2	8	-3393
600	18	2	8	-3411
601	18	2	8	-3429
602	19	1	8	-3448
603	19	1	8	-3467
604	19	1	8	-3486
605	19	1	8	-3505
606	19	1	8	-3524
607	19	1	8	-3543
608	19	1	8	-3562
609	18	2	8	-3580
610	18	2	8	-3598
611	18	2	8	-3616
612	18	2	8	-3634
613	18	2	8	-3652
614	18	2	8	-3670
615	18	2	8	-3688
616	18	2	8	-3706
617	18	2	8	-3724
618	18	2	8	-3742
619	18	2	8	-3760
620	18	2	8	-3778
621	18	2	8	-3796
622	18	2	9	-2814
623	18	2	9	-2832
624	17	3	9	-2849
625	17	3	9	-2866
626	18	2	9	-2884
627	18	2	9	-2902
628	18	2	9	-2920
629	18	2	9	-2938
630	18	2	9	-2956
631	18	2	9	-2974
632	18	2	9	-2992
633	18	2	9	-3010
634	18	2	9	-3028
635	18	2	9	-3046
636	18	2	9	-3064
637	18	2	9	-3082
638	18	2	9	-3100
639	18	2	9	-3118
640	18	2	9	-3136
641	18	2	10	-2154
642	18	2	10	-2172
643	18	2	10	-2190
644	18	2	10	-2208
645	18	2	10	-2226
646	18	2	10	-2244
647	18	2	10	-2262
648	18	2	10	-2280
649	18	2	10	-2298
650	18	2	10	-2316
651	18	2	10	-2334
652	18	2	11	-1352
653	18	2	11	-1370
654	18	2	11	-1388
655	18	2	11	-1406
656	18	2	11	-1424
657	17	3	11	-1441
658	16	4	11	-1457
659	16	4	11	-1473
660	16	4	11	-1489
661	16	4	11	-1505
662	16	4	11	-1521
663	16	4	11	-1537
664	14	6	11	-1551
665	14	6	11	-1565
666	14	6	11	-1579
667	14	6	11	-1593
668	14	6	11	-1607
669	14	6	11	-1621
670	14	6	11	-1635
671	14	6	11	-1649
672	14	6	11	-1663
673	14	6	11	-1677
674	14	6	11	-1691
675	14	6	11	-1705
676	14	6	11	-1719
677	14	6	11	-1733
678	14	6	11	-1747
679	14	6	11	-1761
680	13	7	11	-1774
681	13	7	11	-1787
682	12	8	11	-1799
683	12	8	11	-1811
684	12	8	11	-1823
685	12	8	11	-1835
686	12	8	11	-1847
687	12	8	11	-1859
688	12	8	11	-1871
689	12	8	11	-1883
690	12	8	11	-1895
691	12	8	11	-1907
692	12	8	11	-1919
693	12	8	11	-1931
694	12	8	11	-1943
695	12	8	11	-1955
696	12	8	11	-1967
697	12	8	11	-1979
698	12	8	11	-1991
699	11	9	11	-2002
700	11	9	11	-2013
701	11	9	11	-2024
702	11	9	11	-2035
703	11	9	11	-2046
704	11	9	11	-2057
705	11	9	11	-2068
706	11	9	11	-2079
707	11	9	12	-1090
708	11	9	12	-1101
709	11	9	12	-1112
710	10	10	12	-1122
711	10	10	12	-1132
712	10	10	12	-1142
713	10	10	12	-1152
714	10	10	12	-1162
715	10	10	12	-1172
716	11	9	12	-1183
717	11	9	12	-1194
718	11	9	12	-1205
719	11	9	12	-1216
720	12	8	12	-1228
721	12	8	12	-1240
722	12	8	12	-1252
723	12	8	12	-1264
724	12	8	12	-1276
725	12	8	12	-1288
726	12	8	12	-1300
727	13	7	12	-1313
728	13	7	12	-1326
729	13	7	12	-1339
730	13	7	12	-1352
731	13	7	12	-1365
732	13	7	12	-1378
733	13	7	12	-1391
734	13	7	12	-1404
735	13	7	12	-1417
736	13	7	12	-1430
737	13	7	12	-1443
738	13	7	12	-1456
739	13	7	12	-1469
740	13	7	12	-1482
741	13	7	12	-1495
742	13	7	12	-1508
743	13	7	12	-1521
744	13	7	12	-1534
745	13	7	12	-1547
746	13	7	12	-1560
747	13	7	12	-1573
748	13	7	12	-1586
749	13	7	12	-1599
750	13	7	12	-1612
751	13	7	12	-1625
752	13	7	12	-1638
753	13	7	12	-1651
754	13	7	12	-1664
755	13	7	12	-1677
756	13	7	12	-1690
757	14	6	12	-1704
758	14	6	12	-1718
759	14	6	12	-1732
760	14	6	12	-1746
761	15	5	12	-1761
762	15	5	13	-776
763	15	5	13	-791
764	15	5	13	-806
765	15	5	13	-821
766	14	6	13	-835
767	14	6	13	-849
768	15	5	13	-864
769	15	5	13	-879
770	15	5	13	-894
771	15	5	13	-909
772	15	5	13	-924
773	15	5	13	-939
774	15	5	13	-954
775	15	5	13	-969
776	15	5	13	-984
777	15	5	13	-999
778	15	5	13	-1014
779	15	5	13	-1029
780	15	5	13	-1044
781	15	5	13	-1059
782	15	5	13	-1074
783	15	5	13	-1089
784	15	5	13	-1104
785	15	5	13	-1119
786	15	5	13	-1134
787	16	4	13	-1150
788	16	4	13	-1166
789	16	4	13	-1182
790	16	4	13	-1198
791	16	4	13	-1214
792	16	4	13	-1230
793	16	4	13	-1246
794	16	4	13	-1262
795	16	4	13	-1278
796	16	4	13	-1294
797	15	5	13	-1309
798	15	5	13	-1324
799	15	5	13	-1339
800	15	5	13	-1354
801	15	5	13	-1369
802	15	5	13	-1384
803	15	5	13	-1399
804	15	5	13	-1414
805	15	5	13	-1429
806	15	5	13	-1444
807	15	5	13	-1459
808	15	5	13	-1474
809	15	5	13	-1489
810	15	5	13	-1504
811	15	5	13	-1519
812	15	5	13	-1534
813	15	5	13	-1549
814	15	5	13	-1564
815	15	5	13	-1579
816	15	5	13	-1594
817	15	5	13	-1609
818	15	5	13	-1624
819	15	5	13	-1639
820	14	6	13	-1653
821	14	6	13	-1667
822	14	6	13	-1681
823	14	6	13	-1695
824	14	6	13	-1709
825	14	6	13	-1723
826	14	6	13	-1737
827	14	6	13	-1751
828	14	6	13	-1765
829	14	6	13	-1779
830	14	6	13	-1793
831	14	6	13	-1807
832	14	6	13	-1821
833	14	6	13	-1835
834	14	6	13	-1849
835	14	6	13	-1863
836	14	6	13	-1877
837	15	5	13	-1892
838	15	5	13	-1907
839	14	6	13	-1921
840	14	6	13	-1935
841	14	6	13	-1949
842	14	6	13	-1963
843	14	6	13	-1977
844	14	6	13	-1991
845	14	6	13	-2005
846	14	6	13	-2019
847	14	6	13	-2033
848	14	6	13	-2047
849	14	6	13	-2061
850	14	6	13	-2075
851	14	6	13	-2089
852	14	6	13	-2103
853	14	6	13	-2117
854	14	6	13	-2131
855	14	6	13	-2145
856	14	6	13	-2159
857	14	6	13	-2173
858	14	6	13	-2187
859	14	6	13	-2201
860	14	6	13	-2215
861	14	6	13	-2229
862	14	6	13	-2243
863	14	6	13	-2257
864	14	6	13	-2271
865	14	6	13	-2285
866	14	6	13	-2299
867	14	6	13	-2313
868	14	6	13	-2327
869	14	6	13	-2341
870	14	6	13	-2355
871	14	6	13	-2369
872	14	6	13	-2383
873	14	6	13	-2397
874	14	6	13	-2411
875	14	6	13	-2425
876	14	6	13	-2439
877	14	6	13	-2453
878	14	6	13	-2467
879	14	6	13	-2481
880	14	6	13	-2495
881	14	6	13	-2509
882	14	6	13	-2523
883	14	6	13	-2537
884	14	6	13	-2551
885	14	6	13	-2565
886	14	6	13	-2579
887	14	6	13	-2593
888	14	6	13	-2607
889	14	6	13	-2621
890	14	6	13	-2635
891	13	7	13	-2648
892	13	7	13	-2661
893	13	7	13	-2674
894	13	7	13	-2687
895	13	7	13	-2700
896	13	7	13	-2713
897	13	7	13	-2726
898	13	7	13	-2739
899	13	7	13	-2752
900	13	7	13	-2765
901	13	7	13	-2778
902	13	7	13	-2791
903	13	7	13	-2804
904	13	7	13	-2817
905	13	7	13	-2830
906	13	7	13	-2843
907	13	7	13	-2856
908	13	7	13	-2869
909	13	7	13	-2882
910	13	7	13	-2895
911	13	7	13	-2908
912	13	7	13	-2921
913	13	7	13	-2934
914	13	7	13	-2947
915	13	7	13	-2960
916	13	7	13	-2973
917	13	7	13	-2986
918	13	7	13	-2999
919	13	7	13	-3012
920	13	7	13	-3025
921	13	7	13	-3038
922	13	7	13	-3051
923	13	7	13	-3064
924	13	7	13	-3077
925	13	7	13	-3090
926	13	7	13	-3103
927	13	7	13	-3116
928	13	7	13	-3129
929	13	7	13	-3142
930	13	7	13	-3155
931	13	7	13	-3168
932	13	7	13	-3181
933	13	7	13	-3194
934	13	7	13	-3207
935	13	7	13	-3220
936	13	7	13	-3233
937	13	7	13	-3246
938	13	7	13	-3259
939	13	7	13	-3272
940	13	7	13	-3285
941	13	7	13	-3298
942	13	7	13	-3311
943	13	7	13	-3324
944	13	7	13	-3337
945	13	7	13	-3350
946	13	7	13	-3363
947	13	7	13	-3376
948	13	7	13	-3389
949	13	7	13	-3402
950	13	7	13	-3415
951	13	7	13	-3428
952	13	7	13	-3441
953	13	7	13	-3454
954	13	7	13	-3467
955	13	7	13	-3480
956	13	7	13	-3493
957	13	7	13	-3506
958	13	7	13	-3519
959	13	7	13	-3532
960	13	7	13	-3545
961	13	7	13	-3558
962	13	7	13	-3571
963	13	7	13	-3584
964	13	7	13	-3597
965	13	7	13	-3610
966	13	7	13	-3623
967	13	7	13	-3636
968	13	7	13	-3649
969	13	7	13	-3662
970	13	7	13	-3675
971	13	7	13	-3688
972	13	7	13	-3701
973	13	7	13	-3714
974	13	7	13	-3727
975	13	7	13	-3740
976	13	7	13	-3753
977	13	7	13	-3766
978	13	7	13	-3779
979	13	7	13	-3792
980	13	7	13	-3805
981	13	7	13	-3818
982	13	7	13	-3831
983	13	7	13	-3844
984	13	7	13	-3857
985	13	7	13	-3870
986	13	7	13	-3883
987	13	7	13	-3896
988	13	7	13	-3909
989	13	7	13	-3922
990	13	7	13	-3935
991	13	7	13	-3948
992	13	7	13	-3961
993	13	7	13	-3974
994	13	7	13	-3987
995	13	7	13	-4000
996	13	7	13	-4013
997	13	7	13	-4026
998	13	7	13	-4039
999	13	7	13	-4052
1000	13	7	13	-4065
1001	13	7	13	-4078
1002	13	7	13	-4091
1003	13	7	13	-4104
1004	13	7	13	-4117
1005	13	7	13	-4130
1006	13	7	13	-4143
1007	13	7	13	-4156
1008	13	7	13	-4169
1009	13	7	13	-4182
1010	13	7	13	-4195
1011	13	7	13	-4208
1012	13	7	13	-4221
1013	13	7	13	-4234
1014	13	7	13	-4247
1015	13	7	13	-4260
1016	13	7	13	-4273
1017	13	7	13	-4286
1018	13	7	13	-4299
1019	13	7	13	-4312
1020	13	7	13	-4325
1021	13	7	13	-4338
1022	13	7	13	-4351
1023	13	7	13	-4364
1024	13	7	13	-4377
1025	13	7	13	-4390
1026	13	7	13	-4403
1027	13	7	13	-4416
1028	13	7	13	-4429
1029	13	7	13	-4442
1030	13	7	13	-4455
1031	13	7	13	-4468
1032	13	7	14	-3481
1033	13	7	14	-3494
1034	13	7	14	-3507
1035	13	7	14	-3520
1036	13	7	14	-3533
1037	13	7	14	-3546
1038	13	7	14	-3559
1039	13	7	14	-3572
1040	13	7	14	-3585
1041	13	7	14	-3598
1042	13	7	14	-3611
1043	13	7	14	-3624
1044	13	7	14	-3637
1045	13	7	14	-3650
1046	13	7	14	-3663
1047	13	7	14	-3676
1048	13	7	14	-3689
1049	13	7	14	-3702
1050	13	7	14	-3715
1051	13	7	14	-3728
1052	13	7	14	-3741
1053	13	7	14	-3754
1054	13	7	14	-3767
1055	13	7	14	-3780
1056	13	7	14	-3793
1057	13	7	14	-3806
1058	13	7	14	-3819
1059	13	7	14	-3832
1060	13	7	14	-3845
1061	13	7	14	-3858
1062	13	7	14	-3871
1063	13	7	14	-3884
1064	13	7	14	-3897
1065	13	7	14	-3910
1066	13	7	14	-3923
1067	13	7	14	-3936
1068	13	7	14	-3949
1069	13	7	14	-3962
1070	13	7	14	-3975
1071	13	7	14	-3988
1072	13	7	14	-4001
1073	13	7	14	-4014
1074	13	7	14	-4027
1075	13	7	14	-4040
1076	13	7	14	-4053
1077	13	7	14	-4066
1078	13	7	14	-4079
1079	13	7	14	-4092
1080	13	7	14	-4105
1081	13	7	14	-4118
1082	13	7	14	-4131
1083	13	7	14	-4144
1084	13	7	14	-4157
1085	13	7	14	-4170
1086	13	7	14	-4183
1087	13	7	14	-4196
1088	13	7	14	-4209
1089	13	7	14	-4222
1090	13	7	14	-4235
1091	13	7	14	-4248
1092	13	7	14	-4261
1093	13	7	14	-4274
1094	13	7	14	-4287
1095	12	8	14	-4299
1096	12	8	14	-4311
1097	12	8	14	-4323
1098	12	8	14	-4335
1099	12	8	14	-4347
1100	12	8	14	-4359
1101	12	8	14	-4371
1102	12	8	14	-4383
1103	12	8	14	-4395
1104	12	8	14	-4407
1105	12	8	14	-4419
1106	12	8	14	-4431
1107	12	8	14	-4443
1108	12	8	14	-4455
1109	12	8	14	-4467
1110	12	8	14	-4479
1111	12	8	14	-4491
1112	13	7	14	-4504
1113	13	7	14	-4517
1114	13	7	14	-4530
1115	13	7	14	-4543
1116	13	7	14	-4556
1117	13	7	14	-4569
1118	13	7	14	-4582
1119	13	7	14	-4595
1120	13	7	14	-4608
1121	13	7	14	-4621
1122	13	7	14	-4634
1123	13	7	14	-4647
1124	13	7	14	-4660
1125	13	7	14	-4673
1126	13	7	14	-4686
1127	13	7	14	-4699
1128	13	7	14	-4712
1129	13	7	14	-4725
1130	13	7	14	-4738
1131	13	7	14	-4751
1132	13	7	14	-4764
1133	13	7	14	-4777
1134	13	7	14	-4790
1135	13	7	14	-4803
1136	13	7	14	-4816
1137	13	7	14	-4829
1138	13	7	14	-4842
1139	13	7	14	-4855
1140	13	7	14	-4868
1141	13	7	14	-4881
1142	13	7	14	-4894
1143	13	7	14	-4907
1144	13	7	14	-4920
1145	13	7	14	-4933
1146	13	7	14	-4946
1147	13	7	14	-4959
1148	13	7	14	-4972
1149	13	7	14	-4985
1150	13	7	14	-4998
1151	13	7	14	-5011
1152	13	7	14	-5024
1153	13	7	14	-5037
1154	13	7	14	-5050
1155	13	7	14	-5063
1156	13	7	14	-5076
1157	13	7	14	-5089
1158	13	7	14	-5102
1159	13	7	14	-5115
1160	13	7	14	-5128
1161	13	7	14	-5141
1162	13	7	14	-5154
1163	13	7	14	-5167
1164	13	7	14	-5180
1165	13	7	14	-5193
1166	13	7	14	-5206
1167	13	7	14	-5219
1168	13	7	14	-5232
1169	13	7	14	-5245
1170	13	7	14	-5258
1171	13	7	14	-5271
1172	13	7	14	-5284
1173	13	7	14	-5297
1174	13	7	14	-5310
1175	13	7	14	-5323
1176	13	7	14	-5336
1177	13	7	14	-5349
1178	13	7	14	-5362
1179	14	6	14	-5376
1180	14	6	14	-5390
1181	14	6	14	-5404
1182	14	6	14	-5418
1183	14	6	14	-5432
1184	14	6	14	-5446
1185	14	6	14	-5460
1186	14	6	14	-5474
1187	14	6	14	-5488
1188	14	6	14	-5502
1189	14	6	14	-5516
1190	14	6	14	-5530
1191	14	6	14	-5544
1192	14	6	14	-5558
1193	14	6	14	-5572
1194	14	6	14	-5586
1195	14	6	14	-5600
1196	14	6	14	-5614
1197	14	6	14	-5628
1198	14	6	14	-5642
1199	14	6	14	-5656
1200	14	6	14	-5670
1201	14	6	14	-5684
1202	14	6	14	-5698
1203	14	6	14	-5712
1204	14	6	14	-5726
1205	14	6	14	-5740
1206	14	6	14	-5754
1207	14	6	14	-5768
1208	14	6	14	-5782
1209	14	6	14	-5796
1210	14	6	14	-5810
1211	14	6	14	-5824
1212	14	6	14	-5838
1213	14	6	14	-5852
1214	14	6	14	-5866
1215	15	5	14	-5881
1216	15	5	14	-5896
1217	15	5	14	-5911
1218	15	5	14	-5926
1219	15	5	14	-5941
1220	15	5	14	-5956
1221	15	5	14	-5971
1222	15	5	14	-5986
1223	15	5	14	-6001
1224	15	5	14	-6016
1225	15	5	14	-6031
1226	15	5	14	-6046
1227	15	5	14	-6061
1228	16	4	14	-6077
1229	16	4	14	-6093
1230	16	4	14	-6109
1231	16	4	14	-6125
1232	16	4	14	-6141
1233	16	4	14	-6157
1234	16	4	14	-6173
1235	16	4	14	-6189
1236	16	4	14	-6205
1237	16	4	14	-6221
1238	16	4	14	-6237
1239	16	4	14	-6253
1240	16	4	14	-6269
1241	16	4	14	-6285
1242	16	4	14	-6301
1243	16	4	14	-6317
1244	16	4	14	-6333
1245	16	4	14	-6349
1246	16	4	14	-6365
1247	16	4	14	-6381
1248	16	4	14	-6397
1249	16	4	14	-6413
1250	16	4	14	-6429
1251	16	4	14	-6445
1252	16	4	14	-6461
1253	16	4	14	-6477
1254	16	4	14	-6493
1255	16	4	14	-6509
1256	16	4	14	-6525
1257	16	4	14	-6541
1258	16	4	14	-6557
1259	16	4	14	-6573
1260	16	4	14	-6589
1261	16	4	14	-6605
1262	16	4	14	-6621
1263	16	4	14	-6637
1264	16	4	14	-6653
1265	16	4	14	-6669
1266	16	4	14	-6685
1267	16	4	14	-6701
1268	16	4	14	-6717
1269	16	4	14	-6733
1270	16	4	14	-6749
1271	16	4	14	-6765
1272	16	4	14	-6781
1273	16	4	14	-6797
1274	16	4	14	-6813
1275	16	4	14	-6829
1276	16	4	14	-6845
1277	16	4	14	-6861
1278	16	4	14	-6877
1279	16	4	14	-6893
1280	16	4	14	-6909
1281	16	4	14	-6925
1282	16	4	14	-6941
1283	16	4	14	-6957
1284	16	4	14	-6973
1285	15	5	14	-6988
1286	15	5	14	-7003
1287	15	5	14	-7018
1288	15	5	14	-7033
1289	15	5	14	-7048
1290	15	5	14	-7063
1291	15	5	14	-7078
1292	15	5	14	-7093
1293	15	5	14	-7108
1294	15	5	14	-7123
1295	15	5	14	-7138
1296	15	5	14	-7153
1297	15	5	14	-7168
1298	15	5	14	-7183
1299	15	5	14	-7198
1300	15	5	14	-7213
1301	15	5	14	-7228
1302	15	5	14	-7243
1303	15	5	14	-7258
1304	15	5	14	-7273
1305	15	5	14	-7288
1306	15	5	14	-7303
1307	15	5	14	-7318
1308	15	5	14	-7333
1309	15	5	14	-7348
1310	15	5	14	-7363
1311	15	5	14	-7378
1312	15	5	14	-7393
1313	15	5	14	-7408
1314	15	5	14	-7423
1315	15	5	14	-7438
1316	15	5	14	-7453
1317	15	5	14	-7468
1318	15	5	14	-7483
1319	15	5	14	-7498
1320	15	5	14	-7513
1321	15	5	14	-7528
1322	15	5	14	-7543
1323	15	5	14	-7558
1324	15	5	14	-7573
1325	15	5	14	-7588
1326	15	5	14	-7603
1327	15	5	14	-7618
1328	15	5	14	-7633
1329	15	5	14	-7648
1330	15	5	14	-7663
1331	15	5	14	-7678
1332	15	5	14	-7693
1333	15	5	14	-7708
1334	15	5	14	-7723
1335	15	5	14	-7738
1336	15	5	15	-6753
1337	15	5	15	-6768
1338	15	5	15	-6783
1339	15	5	15	-6798
1340	15	5	15	-6813
1341	15	5	15	-6828
1342	15	5	15	-6843
1343	15	5	15	-6858
1344	15	5	15	-6873
1345	15	5	15	-6888
1346	15	5	15	-6903
1347	15	5	15	-6918
1348	15	5	15	-6933
1349	15	5	15	-6948
1350	15	5	15	-6963
1351	15	5	15	-6978
1352	15	5	15	-6993
1353	15	5	15	-7008
1354	15	5	15	-7023
1355	15	5	15	-7038
1356	15	5	15	-7053
1357	15	5	15	-7068
1358	15	5	15	-7083
1359	15	5	15	-7098
1360	15	5	15	-7113
1361	15	5	15	-7128
1362	15	5	15	-7143
1363	15	5	15	-7158
1364	15	5	15	-7173
1365	15	5	15	-7188
1366	15	5	15	-7203
1367	14	6	15	-7217
1368	14	6	15	-7231
1369	14	6	16	-6245
1370	13	7	16	-6258
1371	13	7	16	-6271
1372	13	7	16	-6284
1373	13	7	16	-6297
1374	13	7	16	-6310
1375	13	7	16	-6323
1376	13	7	16	-6336
1377	13	7	16	-6349
1378	13	7	16	-6362
1379	13	7	16	-6375
1380	13	7	16	-6388
1381	13	7	16	-6401
1382	13	7	16	-6414
1383	13	7	16	-6427
1384	13	7	16	-6440
1385	13	7	16	-6453
1386	13	7	16	-6466
1387	13	7	16	-6479
1388	13	7	16	-6492
1389	13	7	16	-6505
1390	13	7	16	-6518
1391	13	7	16	-6531
1392	13	7	16	-6544
1393	13	7	16	-6557
1394	13	7	16	-6570
1395	12	8	16	-6582
1396	12	8	16	-6594
1397	12	8	16	-6606
1398	12	8	16	-6618
1399	12	8	16	-6630
1400	12	8	16	-6642
1401	12	8	16	-6654
1402	12	8	16	-6666
1403	12	8	16	-6678
1404	12	8	16	-6690
1405	12	8	16	-6702
1406	12	8	16	-6714
1407	12	8	17	-5726
1408	12	8	17	-5738
1409	12	8	17	-5750
1410	12	8	17	-5762
1411	11	9	17	-5773
1412	11	9	17	-5784
1413	11	9	17	-5795
1414	11	9	17	-5806
1415	10	10	17	-5816
1416	10	10	17	-5826
1417	10	10	17	-5836
1418	10	10	17	-5846
1419	10	10	17	-5856
1420	10	10	17	-5866
1421	10	10	17	-5876
1422	9	11	17	-5885
1423	9	11	17	-5894
1424	9	11	17	-5903
1425	9	11	17	-5912
1426	9	11	17	-5921
1427	9	11	17	-5930
1428	9	11	17	-5939
1429	9	11	17	-5948
1430	9	11	17	-5957
1431	8	12	17	-5965
1432	8	12	17	-5973
1433	8	12	17	-5981
1434	8	12	17	-5989
1435	8	12	17	-5997
1436	8	12	17	-6005
1437	8	12	17	-6013
1438	8	12	17	-6021
1439	8	12	17	-6029
1440	8	12	17	-6037
1441	8	12	17	-6045
1442	8	12	17	-6053
1443	8	12	17	-6061
1444	8	12	17	-6069
1445	8	12	17	-6077
1446	8	12	17	-6085
1447	8	12	17	-6093
1448	8	12	17	-6101
1449	8	12	17	-6109
1450	8	12	17	-6117
1451	8	12	17	-6125
1452	8	12	17	-6133
1453	8	12	17	-6141
1454	8	12	17	-6149
1455	8	12	17	-6157
1456	8	12	17	-6165
1457	8	12	17	-6173
1458	8	12	17	-6181
1459	8	12	17	-6189
1460	8	12	17	-6197
1461	8	12	17	-6205
1462	8	12	17	-6213
1463	8	12	17	-6221
1464	8	12	17	-6229
1465	8	12	17	-6237
1466	8	12	17	-6245
1467	7	13	17	-6252
1468	7	13	17	-6259
1469	7	13	17	-6266
1470	7	13	17	-6273
1471	8	12	17	-6281
1472	8	12	17	-6289
1473	8	12	17	-6297
1474	8	12	17	-6305
1475	8	12	17	-6313
1476	8	12	17	-6321
1477	8	12	17	-6329
1478	8	12	17	-6337
1479	8	12	17	-6345
1480	8	12	17	-6353
1481	8	12	17	-6361
1482	8	12	17	-6369
1483	9	11	17	-6378
1484	9	11	17	-6387
1485	9	11	17	-6396
1486	9	11	17	-6405
1487	9	11	17	-6414
1488	9	11	18	-5423
1489	9	11	18	-5432
1490	9	11	18	-5441
1491	9	11	18	-5450
1492	9	11	18	-5459
1493	9	11	18	-5468
1494	9	11	18	-5477
1495	10	10	18	-5487
1496	10	10	18	-5497
1497	10	10	18	-5507
1498	11	9	18	-5518
1499	11	9	18	-5529
1500	11	9	18	-5540
1501	11	9	18	-5551
1502	11	9	18	-5562
1503	11	9	18	-5573
1504	11	9	18	-5584
1505	11	9	18	-5595
1506	11	9	18	-5606
1507	11	9	18	-5617
1508	11	9	18	-5628
1509	11	9	18	-5639
1510	11	9	18	-5650
1511	11	9	18	-5661
1512	11	9	18	-5672
1513	11	9	18	-5683
1514	11	9	18	-5694
1515	12	8	18	-5706
1516	12	8	18	-5718
1517	13	7	18	-5731
1518	13	7	18	-5744
1519	14	6	18	-5758
1520	14	6	18	-5772
1521	14	6	18	-5786
1522	14	6	18	-5800
1523	14	6	18	-5814
1524	14	6	18	-5828
1525	14	6	18	-5842
1526	14	6	18	-5856
1527	14	6	19	-4870
1528	14	6	19	-4884
1529	14	6	19	-4898
1530	15	5	19	-4913
1531	15	5	19	-4928
1532	15	5	19	-4943
1533	15	5	19	-4958
1534	15	5	19	-4973
1535	15	5	19	-4988
1536	15	5	19	-5003
1537	15	5	19	-5018
1538	15	5	19	-5033
1539	15	5	19	-5048
1540	15	5	19	-5063
1541	15	5	19	-5078
1542	15	5	19	-5093
1543	15	5	19	-5108
1544	15	5	19	-5123
1545	15	5	19	-5138
1546	15	5	19	-5153
1547	15	5	19	-5168
1548	15	5	19	-5183
1549	15	5	19	-5198
1550	15	5	19	-5213
1551	15	5	19	-5228
1552	15	5	19	-5243
1553	15	5	19	-5258
1554	15	5	19	-5273
1555	15	5	19	-5288
1556	15	5	19	-5303
1557	15	5	19	-5318
1558	15	5	19	-5333
1559	15	5	19	-5348
1560	15	5	19	-5363
1561	15	5	19	-5378
1562	15	5	19	-5393
1563	15	5	19	-5408
1564	15	5	19	-5423
1565	14	6	19	-5437
1566	14	6	19	-5451
1567	14	6	19	-5465
1568	14	6	19	-5479
1569	14	6	19	-5493
1570	14	6	19	-5507
1571	14	6	19	-5521
1572	14	6	19	-5535
1573	14	6	19	-5549
1574	14	6	19	-5563
1575	14	6	19	-5577
1576	14	6	19	-5591
1577	14	6	19	-5605
1578	14	6	19	-5619
1579	14	6	19	-5633
1580	14	6	19	-5647
1581	14	6	19	-5661
1582	14	6	19	-5675
1583	13	7	19	-5688
1584	13	7	19	-5701
1585	13	7	19	-5714
1586	13	7	19	-5727
1587	13	7	19	-5740
1588	14	6	19	-5754
1589	14	6	19	-5768
1590	14	6	19	-5782
1591	14	6	19	-5796
1592	14	6	19	-5810
1593	14	6	19	-5824
1594	14	6	19	-5838
1595	14	6	19	-5852
1596	14	6	19	-5866
1597	14	6	19	-5880
1598	14	6	19	-5894
1599	14	6	19	-5908
1600	14	6	19	-5922
1601	14	6	19	-5936
1602	14	6	19	-5950
1603	14	6	19	-5964
1604	14	6	19	-5978
1605	14	6	19	-5992
1606	14	6	19	-6006
1607	14	6	19	-6020
1608	14	6	19	-6034
1609	14	6	19	-6048
1610	14	6	19	-6062
1611	14	6	19	-6076
1612	14	6	19	-6090
1613	14	6	19	-6104
1614	14	6	19	-6118
1615	14	6	19	-6132
1616	15	5	19	-6147
1617	15	5	19	-6162
1618	15	5	19	-6177
1619	15	5	19	-6192
1620	15	5	19	-6207
1621	15	5	19	-6222
1622	15	5	19	-6237
1623	15	5	19	-6252
1624	15	5	19	-6267
1625	15	5	19	-6282
1626	15	5	19	-6297
1627	15	5	19	-6312
1628	15	5	19	-6327
1629	15	5	19	-6342
1630	15	5	19	-6357
1631	15	5	19	-6372
1632	15	5	19	-6387
1633	15	5	19	-6402
1634	15	5	19	-6417
1635	15	5	19	-6432
1636	15	5	19	-6447
1637	15	5	19	-6462
1638	15	5	19	-6477
1639	15	5	19	-6492
1640	15	5	19	-6507
1641	15	5	19	-6522
1642	15	5	19	-6537
1643	15	5	19	-6552
1644	15	5	19	-6567
1645	15	5	19	-6582
1646	15	5	19	-6597
1647	15	5	19	-6612
1648	15	5	19	-6627
1649	15	5	19	-6642
1650	15	5	19	-6657
1651	15	5	19	-6672
1652	15	5	19	-6687
1653	15	5	19	-6702
1654	15	5	19	-6717
1655	15	5	19	-6732
1656	15	5	19	-6747
1657	15	5	19	-6762
1658	15	5	19	-6777
1659	15	5	19	-6792
1660	15	5	19	-6807
1661	15	5	19	-6822
1662	15	5	19	-6837
1663	15	5	19	-6852
1664	15	5	19	-6867
1665	15	5	19	-6882
1666	15	5	19	-6897
1667	15	5	19	-6912
1668	16	4	19	-6928
1669	16	4	19	-6944
1670	16	4	19	-6960
1671	16	4	19	-6976
1672	16	4	19	-6992
1673	16	4	19	-7008
1674	16	4	19	-7024
1675	16	4	19	-7040
1676	16	4	19	-7056
1677	16	4	19	-7072
1678	16	4	19	-7088
1679	16	4	19	-7104
1680	16	4	19	-7120
1681	16	4	19	-7136
1682	16	4	19	-7152
1683	16	4	19	-7168
1684	16	4	19	-7184
1685	16	4	19	-7200
1686	16	4	19	-7216
1687	16	4	19	-7232
1688	16	4	19	-7248
1689	16	4	19	-7264
1690	17	3	19	-7281
1691	16	4	19	-7297
1692	16	4	20	-6313
1693	16	4	20	-6329
1694	16	4	20	-6345
1695	16	4	21	-5361
1696	16	4	21	-5377
1697	16	4	21	-5393
1698	16	4	21	-5409
1699	16	4	21	-5425
1700	16	4	21	-5441
1701	16	4	21	-5457
1702	16	4	21	-5473
1703	16	4	21	-5489
1704	16	4	21	-5505
1705	16	4	21	-5521
1706	16	4	21	-5537
1707	16	4	21	-5553
1708	16	4	21	-5569
1709	16	4	21	-5585
1710	16	4	21	-5601
1711	16	4	21	-5617
1712	16	4	21	-5633
1713	16	4	21	-5649
1714	16	4	21	-5665
1715	16	4	21	-5681
1716	16	4	21	-5697
1717	16	4	21	-5713
1718	16	4	21	-5729
1719	16	4	21	-5745
1720	16	4	21	-5761
1721	16	4	21	-5777
1722	16	4	21	-5793
1723	16	4	21	-5809
1724	16	4	21	-5825
1725	16	4	21	-5841
1726	16	4	21	-5857
1727	16	4	21	-5873
1728	16	4	21	-5889
1729	16	4	21	-5905
1730	16	4	21	-5921
1731	16	4	21	-5937
1732	16	4	21	-5953
1733	16	4	21	-5969
1734	16	4	21	-5985
1735	16	4	21	-6001
1736	16	4	21	-6017
1737	16	4	21	-6033
1738	16	4	21	-6049
1739	16	4	21	-6065
1740	16	4	21	-6081
1741	16	4	21	-6097
1742	16	4	21	-6113
1743	16	4	21	-6129
1744	16	4	21	-6145
1745	16	4	21	-6161
1746	16	4	21	-6177
1747	16	4	21	-6193
1748	16	4	21	-6209
1749	16	4	21	-6225
1750	15	5	21	-6240
1751	15	5	21	-6255
1752	15	5	21	-6270
1753	15	5	22	-5285
1754	15	5	22	-5300
1755	15	5	22	-5315
1756	15	5	22	-5330
1757	15	5	22	-5345
1758	15	5	22	-5360
1759	14	6	22	-5374
1760	14	6	22	-5388
1761	14	6	22	-5402
1762	14	6	22	-5416
1763	14	6	22	-5430
1764	14	6	22	-5444
1765	14	6	22	-5458
1766	14	6	22	-5472
1767	14	6	22	-5486
1768	14	6	22	-5500
1769	14	6	22	-5514
1770	14	6	22	-5528
1771	14	6	22	-5542
1772	14	6	22	-5556
1773	14	6	22	-5570
1774	14	6	22	-5584
